2
NC_045512.2 	  0.0000	 19.6444	 23.6784	 16.8632	  1.8358	 18.7743	 19.0016
NC_004718.3 	 19.6444	  0.0000	 15.3008	 17.2982	 18.7862	  3.2581	  3.4581
NC_019843.3 	 23.6784	 15.3008	  0.0000	 22.6703	 23.2780	 14.5923	 14.7557
NC_002549.1 	 16.8632	 17.2982	 22.6703	  0.0000	 16.0797	 17.6880	 17.9007
MN996532.2  	  1.8358	 18.7862	 23.2780	 16.0797	  0.0000	 18.0522	 18.2848
MG772933.1  	 18.7743	  3.2581	 14.5923	 17.6880	 18.0522	  0.0000	  1.1334
MG772934.1  	 19.0016	  3.4581	 14.7557	 17.9007	 18.2848	  1.1334	  0.0000